# 1PE pulse empirical shape
0.000E+00	0.0042695
5.000E-10	0.0058745
1.000E-09	0.0076227
1.500E-09	0.0097203
2.000E-09	0.0124090
2.500E-09	0.0157950
3.000E-09	0.0198890
3.500E-09	0.0248390
4.000E-09	0.0308780
4.500E-09	0.0380430
5.000E-09	0.0467400
5.500E-09	0.0571030
6.000E-09	0.0693640
6.500E-09	0.0834650
7.000E-09	0.1000200
7.500E-09	0.1187900
8.000E-09	0.1402600
8.500E-09	0.1644000
9.000E-09	0.1919300
9.500E-09	0.2222600
1.000E-08	0.2560400
1.050E-08	0.2934500
1.100E-08	0.3343200
1.150E-08	0.3782700
1.200E-08	0.4265900
1.250E-08	0.4781900
1.300E-08	0.5333600
1.350E-08	0.5913100
1.400E-08	0.6528900
1.450E-08	0.7177800
1.500E-08	0.7849400
1.550E-08	0.8554000
1.600E-08	0.9276000
1.650E-08	1.0021000
1.700E-08	1.0780000
1.750E-08	1.1544000
1.800E-08	1.2317000
1.850E-08	1.3088000
1.900E-08	1.3853000
1.950E-08	1.4604000
2.000E-08	1.5336000
2.050E-08	1.6041000
2.100E-08	1.6717000
2.150E-08	1.7354000
2.200E-08	1.7948000
2.250E-08	1.8492000
2.300E-08	1.8979000
2.350E-08	1.9406000
2.400E-08	1.9766000
2.450E-08	2.0057000
2.500E-08	2.0276000
2.550E-08	2.0417000
2.600E-08	2.0480000
2.650E-08	2.0458000
2.700E-08	2.0359000
2.750E-08	2.0176000
2.800E-08	1.9913000
2.850E-08	1.9568000
2.900E-08	1.9146000
2.950E-08	1.8651000
3.000E-08	1.8080000
3.050E-08	1.7445000
3.100E-08	1.6745000
3.150E-08	1.5984000
3.200E-08	1.5174000
3.250E-08	1.4315000
3.300E-08	1.3419000
3.350E-08	1.2488000
3.400E-08	1.1536000
3.450E-08	1.0561000
3.500E-08	0.9579900
3.550E-08	0.8593100
3.600E-08	0.7607500
3.650E-08	0.6629900
3.700E-08	0.5671000
3.750E-08	0.4734600
3.800E-08	0.3826600
3.850E-08	0.2954900
3.900E-08	0.2118500
3.950E-08	0.1324100
4.000E-08	0.0579300
4.050E-08	-0.0115370
4.100E-08	-0.0761240
4.150E-08	-0.1352200
4.200E-08	-0.1883500
4.250E-08	-0.2358600
4.300E-08	-0.2775400
4.350E-08	-0.3143900
4.400E-08	-0.3455100
4.450E-08	-0.3712900
4.500E-08	-0.3916300
4.550E-08	-0.4073500
4.600E-08	-0.4179400
4.650E-08	-0.4249600
4.700E-08	-0.4275300
4.750E-08	-0.4264200
4.800E-08	-0.4222000
4.850E-08	-0.4152700
4.900E-08	-0.4060600
4.950E-08	-0.3948700
5.000E-08	-0.3824500
5.050E-08	-0.3686800
5.100E-08	-0.3541600
5.150E-08	-0.3390000
5.200E-08	-0.3233700
5.250E-08	-0.3080000
5.300E-08	-0.2930900
5.350E-08	-0.2786300
5.400E-08	-0.2649300
5.450E-08	-0.2525800
5.500E-08	-0.2408900
5.550E-08	-0.2306000
5.600E-08	-0.2217400
5.650E-08	-0.2142400
5.700E-08	-0.2082900
5.750E-08	-0.2036200
5.800E-08	-0.2004200
5.850E-08	-0.1986500
5.900E-08	-0.1983700
5.950E-08	-0.1995000
6.000E-08	-0.2015400
6.050E-08	-0.2048800
6.100E-08	-0.2092400
6.150E-08	-0.2145200
6.200E-08	-0.2203100
6.250E-08	-0.2268700
6.300E-08	-0.2339100
6.350E-08	-0.2413000
6.400E-08	-0.2488700
6.450E-08	-0.2565200
6.500E-08	-0.2642400
6.550E-08	-0.2716800
6.600E-08	-0.2790100
6.650E-08	-0.2859400
6.700E-08	-0.2923300
6.750E-08	-0.2984400
6.800E-08	-0.3040200
6.850E-08	-0.3090100
6.900E-08	-0.3132500
6.950E-08	-0.3170400
7.000E-08	-0.3203300
7.050E-08	-0.3229300
7.100E-08	-0.3248600
7.150E-08	-0.3262400
7.200E-08	-0.3269800
7.250E-08	-0.3272400
7.300E-08	-0.3267300
7.350E-08	-0.3257000
7.400E-08	-0.3241800
7.450E-08	-0.3221000
7.500E-08	-0.3195400
7.550E-08	-0.3167200
7.600E-08	-0.3133800
7.650E-08	-0.3097700
7.700E-08	-0.3056300
7.750E-08	-0.3011200
7.800E-08	-0.2965000
7.850E-08	-0.2917000
7.900E-08	-0.2866800
7.950E-08	-0.2813100
8.000E-08	-0.2758800
8.050E-08	-0.2703100
8.100E-08	-0.2646400
8.150E-08	-0.2588500
8.200E-08	-0.2531200
8.250E-08	-0.2472000
8.300E-08	-0.2412900
8.350E-08	-0.2353700
8.400E-08	-0.2293300
8.450E-08	-0.2237000
8.500E-08	-0.2181200
8.550E-08	-0.2127800
8.600E-08	-0.2073800
8.650E-08	-0.2022800
8.700E-08	-0.1972900
8.750E-08	-0.1926100
8.800E-08	-0.1880000
8.850E-08	-0.1837100
8.900E-08	-0.1800000
8.950E-08	-0.1764300
9.000E-08	-0.1732700
9.050E-08	-0.1705000
9.100E-08	-0.1682600
9.150E-08	-0.1663200
9.200E-08	-0.1647100
9.250E-08	-0.1634400
9.300E-08	-0.1626900
9.350E-08	-0.1625100
9.400E-08	-0.1626800
9.450E-08	-0.1630900
9.500E-08	-0.1638700
9.550E-08	-0.1650800
9.600E-08	-0.1664300
9.650E-08	-0.1683900
9.700E-08	-0.1704100
9.750E-08	-0.1725100
9.800E-08	-0.1751100
9.850E-08	-0.1777100
9.900E-08	-0.1804700
9.950E-08	-0.1832200
1.000E-07	-0.1861400
1.005E-07	-0.1889600
1.010E-07	-0.1918400
1.015E-07	-0.1945400
1.020E-07	-0.1971300
1.025E-07	-0.1995900
1.030E-07	-0.2018100
1.035E-07	-0.2038800
1.040E-07	-0.2055200
1.045E-07	-0.2069700
1.050E-07	-0.2080100
1.055E-07	-0.2087600
1.060E-07	-0.2089800
1.065E-07	-0.2090200
1.070E-07	-0.2088300
1.075E-07	-0.2082600
1.080E-07	-0.2072700
1.085E-07	-0.2058300
1.090E-07	-0.2041000
1.095E-07	-0.2018600
1.100E-07	-0.1995600
1.105E-07	-0.1970000
1.110E-07	-0.1940600
1.115E-07	-0.1910000
1.120E-07	-0.1878000
1.125E-07	-0.1843500
1.130E-07	-0.1808900
1.135E-07	-0.1772100
1.140E-07	-0.1734700
1.145E-07	-0.1696500
1.150E-07	-0.1657700
1.155E-07	-0.1617700
1.160E-07	-0.1580800
1.165E-07	-0.1543400
1.170E-07	-0.1508400
1.175E-07	-0.1476100
1.180E-07	-0.1445100
1.185E-07	-0.1415600
1.190E-07	-0.1388800
1.195E-07	-0.1363100
1.200E-07	-0.1340200
1.205E-07	-0.1320600
1.210E-07	-0.1302500
1.215E-07	-0.1286800
1.220E-07	-0.1275200
1.225E-07	-0.1264900
1.230E-07	-0.1257400
1.235E-07	-0.1251600
1.240E-07	-0.1248900
1.245E-07	-0.1247000
1.250E-07	-0.1247000
1.255E-07	-0.1250400
1.260E-07	-0.1254000
1.265E-07	-0.1258700
1.270E-07	-0.1264200
1.275E-07	-0.1269300
1.280E-07	-0.1275600
1.285E-07	-0.1282200
1.290E-07	-0.1288800
1.295E-07	-0.1294700
1.300E-07	-0.1299800
1.305E-07	-0.1305000
1.310E-07	-0.1311100
1.315E-07	-0.1315200
1.320E-07	-0.1319700
1.325E-07	-0.1320800
1.330E-07	-0.1320600
1.335E-07	-0.1320300
1.340E-07	-0.1317800
1.345E-07	-0.1313500
1.350E-07	-0.1308000
1.355E-07	-0.1303100
1.360E-07	-0.1296200
1.365E-07	-0.1287800
1.370E-07	-0.1280400
1.375E-07	-0.1270800
1.380E-07	-0.1260200
1.385E-07	-0.1248700
1.390E-07	-0.1236900
1.395E-07	-0.1224800
1.400E-07	-0.1212100
1.405E-07	-0.1199200
1.410E-07	-0.1186400
1.415E-07	-0.1173600
1.420E-07	-0.1161500
1.425E-07	-0.1149200
1.430E-07	-0.1136900
1.435E-07	-0.1124300
1.440E-07	-0.1112900